<?xml version="1.0"?>
<opencv_storage>
<intrinsic type_id="opencv-matrix">
  <rows>3</rows>
  <cols>3</cols>
  <dt>d</dt>
  <data>
    6.8242881990085539e+02 0. 5.3618364833771977e+02 0.
    6.8684244702418971e+02 3.8074283956194517e+02 0. 0. 1.</data></intrinsic>
<distortion type_id="opencv-matrix">
  <rows>1</rows>
  <cols>5</cols>
  <dt>d</dt>
  <data>
    -1.1665862976580144e-01 8.4761851954345033e-02
    -1.4098157592503939e-03 -5.6009991097171639e-03
    -4.9997813436788378e-02</data></distortion>
</opencv_storage>
