<?xml version="1.0"?>
<opencv_storage>
<intrinsic type_id="opencv-matrix">
  <rows>3</rows>
  <cols>3</cols>
  <dt>d</dt>
  <data>
    1238.7549605597385 0. 762.11701019098359 0. 1179.1814025909168
    372.13809916571358 0. 0. 1.</data></intrinsic>
<distortion type_id="opencv-matrix">
  <rows>1</rows>
  <cols>5</cols>
  <dt>d</dt>
  <data>
    -0.22641002411378894 2.2362229319426872 0.0069990727727221166
    0.06399910368173696 -3.8141564072044187</data></distortion>
</opencv_storage>
