<?xml version="1.0"?>
<opencv_storage>
<intrinsic type_id="opencv-matrix">
  <rows>3</rows>
  <cols>3</cols>
  <dt>d</dt>
  <data>
    1586.7795074226983 0. 1041.1597141736349 0. 1592.5061241684127
    571.47486380901069 0. 0. 1.</data></intrinsic>
<distortion type_id="opencv-matrix">
  <rows>1</rows>
  <cols>5</cols>
  <dt>d</dt>
  <data>
    0.24602522407898789 -1.351478774180072 0.015496698696893702
    0.025259510168630907 2.9423911458644283</data></distortion>
</opencv_storage>