<?xml version="1.0"?>
<opencv_storage>
<intrinsic type_id="opencv-matrix">
  <rows>3</rows>
  <cols>3</cols>
  <dt>d</dt>
  <data>
    740.12188910638565 0. 602.32417947695353 0. 727.19358576004129
    454.97355543545365 0. 0. 1.</data></intrinsic>
<distortion type_id="opencv-matrix">
  <rows>1</rows>
  <cols>5</cols>
  <dt>d</dt>
  <data>
    0.52008481446406651 -0.78073909732852675 0.010945190591449534
    0.06644770290245626 0.62241137962743465</data></distortion>
</opencv_storage>
